HUC	BASIN_ID
01	01013500
01	01022500
01	01030500
01	01031500
01	01047000
01	01052500
01	01054200
01	01055000
01	01057000
01	01073000
01	01078000
01	01118300
01	01121000
01	01123000
01	01134500
01	01137500
01	01139000
01	01139800
01	01142500
01	01144000
01	01162500
01	01169000
01	01170100
01	01181000
01	01187300
01	04296000
02	01333000
02	01350000
02	01350140
02	01365000
02	01411300
02	01413500
02	01414500
02	01415000
02	01423000
02	01435000
02	01439500
02	01440000
02	01440400
02	01451800
02	01466500
02	01484100
02	01485500
02	01486000
02	01487000
02	01491000
02	01510000
02	01516500
02	01532000
02	01539000
02	01542810
02	01543000
02	01543500
02	01544500
02	01545600
02	01547700
02	01548500
02	01549500
02	01550000
02	01552000
02	01552500
02	01557500
02	01567500
02	01568000
02	01580000
02	01583500
02	01591400
02	01596500
02	01605500
02	01606500
02	01620500
02	01632000
02	01632900
02	01634500
02	01638480
02	01639500
02	01644000
02	01658500
02	01664000
02	01666500
02	01667500
02	01669000
02	02011400
02	02011460
02	02013000
02	02014000
02	02015700
02	02016000
02	02017500
02	02018000
02	02027000
02	02027500
02	02028500
02	02038850
03	02046000
03	02051500
03	02053200
03	02053800
03	02055100
03	02056900
03	02059500
03	02064000
03	02065500
03	02069700
03	02070000
03	02074500
03	02077200
03	02081500
03	02082950
03	02092500
03	02102908
03	02108000
03	02111180
03	02111500
03	02112120
03	02112360
03	02118500
03	02125000
03	02128000
03	02137727
03	02143000
03	02143040
03	02149000
03	02152100
03	02177000
03	02178400
03	02202600
03	02212600
03	02221525
03	02231000
03	02231342
03	02245500
03	02246000
03	02296500
03	02297155
03	02297310
03	02298123
03	02298608
03	02299950
03	02300700
03	02312200
03	02314500
03	02315500
03	02324400
03	02327100
03	02342933
03	02349900
03	02361000
03	02369800
03	02371500
03	02372250
03	02374500
03	02381600
03	02395120
03	02408540
03	02422500
03	02430085
03	02430615
03	02450250
03	02464000
03	02465493
03	02469800
03	02472000
03	02472500
03	02479155
03	02479300
03	02479560
03	02481000
03	02481510
04	04015330
04	04024430
04	04027000
04	04040500
04	04043050
04	04045500
04	04056500
04	04057510
04	04057800
04	04059500
04	04063700
04	04074950
04	04105700
04	04122200
04	04122500
04	04124000
04	04127918
04	04127997
04	04161580
04	04185000
04	04196800
04	04197100
04	04213000
04	04216418
04	04221000
04	04224775
04	04233000
04	04256000
05	03010655
05	03011800
05	03015500
05	03021350
05	03026500
05	03028000
05	03049000
05	03049800
05	03069500
05	03070500
05	03076600
05	03078000
05	03140000
05	03144000
05	03164000
05	03165000
05	03170000
05	03173000
05	03180500
05	03182500
05	03186500
05	03213700
05	03237280
05	03237500
05	03238500
05	03241500
05	03280700
05	03281500
05	03285000
05	03291780
05	03340800
05	03346000
05	03357350
05	03364500
05	03366500
05	03368000
05	03384450
06	03439000
06	03455500
06	03456500
06	03460000
06	03463300
06	03471500
06	03473000
06	03479000
06	03488000
06	03498500
06	03500000
06	03500240
06	03504000
06	03574500
06	03592718
06	03604000
07	05291000
07	05362000
07	05393500
07	05399500
07	05408000
07	05412500
07	05413500
07	05414000
07	05444000
07	05454000
07	05458000
07	05466500
07	05487980
07	05489000
07	05495000
07	05495500
07	05501000
07	05503800
07	05507600
07	05508805
07	05514500
07	05525500
07	05556500
07	05584500
07	05585000
07	05591550
07	05592050
07	05593575
07	05593900
07	05595730
07	07014500
08	07291000
08	07292500
08	07362100
08	07375000
08	08013000
08	08014500
09	05056000
09	05057000
09	05057200
09	05120500
09	05123400
09	05129115
09	05131500
10	06191500
10	06224000
10	06278300
10	06280300
10	06289000
10	06311000
10	06332515
10	06339100
10	06339500
10	06344600
10	06350000
10	06352000
10	06353000
10	06354000
10	06360500
10	06404000
10	06406000
10	06409000
10	06431500
10	06447000
10	06447500
10	06450500
10	06452000
10	06453600
10	06464500
10	06468170
10	06470800
10	06477500
10	06479438
10	06601000
10	06614800
10	06622700
10	06623800
10	06632400
10	06746095
10	06784000
10	06803510
10	06803530
10	06814000
10	06847900
10	06853800
10	06876700
10	06878000
10	06879650
10	06885500
10	06888500
10	06889200
10	06889500
10	06892000
10	06903400
10	06910800
10	06911900
10	06917000
10	06918460
10	06919500
10	06921070
10	06921200
11	07056000
11	07057500
11	07060710
11	07066000
11	07067000
11	07068000
11	07071500
11	07083000
11	07142300
11	07145700
11	07148400
11	07149000
11	07151500
11	07167500
11	07180500
11	07184000
11	07195800
11	07196900
11	07197000
11	07208500
11	07226500
11	07261000
11	07299670
11	07301410
11	07301500
11	07315200
11	07315700
11	07335700
11	07340300
11	07346045
12	08023080
12	08029500
12	08066200
12	08066300
12	08070000
12	08079600
12	08082700
12	08086212
12	08086290
12	08101000
12	08103900
12	08104900
12	08109700
12	08150800
12	08158700
12	08158810
12	08164000
12	08164300
12	08164600
12	08165300
12	08171300
12	08175000
12	08176900
12	08189500
12	08190000
12	08190500
12	08194200
12	08195000
12	08196000
12	08198500
12	08200000
12	08202700
13	08267500
13	08269000
13	08271000
13	08324000
13	08377900
13	08378500
13	08380500
14	09034900
14	09035800
14	09035900
14	09047700
14	09065500
14	09066000
14	09066200
14	09066300
14	09081600
14	09210500
14	09223000
14	09306242
14	09312600
14	09352900
14	09378630
15	09386900
15	09404450
15	09430500
15	09430600
15	09480000
15	09492400
15	09494000
15	09497980
15	09505350
15	09505800
15	09508300
15	09510200
15	09512280
15	09513780
16	10172700
16	10172800
16	10205030
16	10234500
16	10242000
16	10244950
16	10249300
16	10316500
16	10329500
16	10336645
16	10336660
16	10343500
17	10396000
17	12010000
17	12013500
17	12020000
17	12025700
17	12035000
17	12040500
17	12041200
17	12048000
17	12054000
17	12056500
17	12073500
17	12082500
17	12092000
17	12114500
17	12115000
17	12115500
17	12117000
17	12145500
17	12147500
17	12147600
17	12167000
17	12175500
17	12178100
17	12186000
17	12189500
17	12358500
17	12390700
17	12411000
17	12414500
17	12447390
17	12451000
17	12488500
17	13011500
17	13011900
17	13018300
17	13023000
17	13083000
17	13161500
17	13235000
17	13240000
17	13313000
17	13331500
17	13337000
17	13338500
17	13340000
17	13340600
17	14020000
17	14137000
17	14138800
17	14138870
17	14138900
17	14139800
17	14141500
17	14154500
17	14158500
17	14158790
17	14166500
17	14182500
17	14185000
17	14185900
17	14222500
17	14236200
17	14301000
17	14305500
17	14306500
17	14309500
17	14316700
17	14325000
17	14400000
18	10258500
18	10259000
18	10259200
18	10263500
18	11098000
18	11124500
18	11141280
18	11143000
18	11148900
18	11151300
18	11162500
18	11176400
18	11180500
18	11180960
18	11224500
18	11230500
18	11237500
18	11253310
18	11264500
18	11266500
18	11274500
18	11274630
18	11284400
18	11381500
18	11383500
18	11451100
18	11468500
18	11473900
18	11475560
18	11476600
18	11478500
18	11480390
18	11481200
18	11482500
18	11522500
18	11523200
18	11528700
18	11532500